1
1
1 6
1 6 6 0
1 6 6 0
1 6 6 0
1 6 6 0 32 28
1 6 6 0 32 28
1 600 0 32 28
1 600 0 32 28
1 600 0 32 28 60 57
1 600 0 32 28 60 57
1 600 0 32 28 60 57
1 600 0 32 28 60 57
1 600 0 32 28 60 57
1 600 0 32 28 60 57
1 600 0 32 28 60 57
1 600 0 32 28 60 57
1 600 0 32 28 60 57
1 600 0 32 28 60 57
1 600 0 32 28 60 57
1 600 0 32 28 60 57
1 600 0 32 28 60 57
1 600 0 32 28 60 57
1 600 0 32 28 60 57
1 600 0 32 28 60 57
1 600 0 32 28 60 57
1 600 0 32 28 60 57
1 600 0 32 28 60 57
1 600 0 32 28 60 57
1 600 0 32 28 60 57
1 600 0 32 28 60 57
1 600 0 32 28 60 57
1 600 0 32 28 60 57
1 600 0 32 28 60 57
1 600 0 32 28 60 57
1 600 0 32 28 60 57
1 600 0 32 28 60 57
1 600 0 32 28 60 57
1 600 0 32 28 60 57
1 600 0 32 28 60 57
1 600 0 32 28 60 57
1 600 0 32 28 60 57
1 600 0 32 28 60 57
1 600 0 32 28 60 57
1 600 0 32 28 60 57
1 600 0 32 28 60 57
1 600 0 32 28 60 57
1 600 0 32 28 60 57
1 600 0 32 28 60 57
1 600 0 32 28 60 57
1 600 0 32 28 60 57
1 600 0 32 28 60 57
1 600 0 32 28 60 57
1 600 0 32 28 60 57
1 600 0 32 28 60 57
1 600 0 32 28 60 57
1 600 0 32 28 60 57
1 600 0 32 28 60 57
1 600 0 32 28 60 57